2.0 4.0
20
2.0 4.0  2.0 4.0  0
2.0 1.0  1.0 1.0  1
2.0 2.0  2.0 1.0  1
2.0 2.0  1.0 2.0  1
2.0 3.0  2.0 2.0  1
1.0 4.0  1.0 3.0  1
2.0 4.0  2.0 3.0  1
2.0 4.0  1.0 4.0  1
2.0 5.0  1.0 5.0  1
2.0 4.0  2.0 5.0  1
2.0 6.0  1.0 6.0  1
2.0 5.0  2.0 6.0  1
1.0 6.0  1.0 7.0  1
2.0 6.0  2.0 7.0  1
1.0 7.0  1.0 8.0  1
2.0 7.0  2.0 8.0  1
3.0 4.0  3.0 3.0  1
2.0 4.0  3.0 4.0  1
2.0 5.0  3.0 5.0  1
3.0 4.0  4.0 4.0  1
13
1.0 1.0  4
2.0 1.0  3
1.0 2.0  3
2.0 2.0  2
1.0 6.0  3
2.0 6.0  2
1.0 7.0  4
2.0 7.0  3
1.0 8.0  5
2.0 8.0  4
3.0 3.0  2
3.0 5.0  2
4.0 4.0  2
4.0 2.0
16
4.0 2.0  4.0 2.0  0
2.0 1.0  1.0 1.0  1
2.0 2.0  2.0 1.0  1
2.0 2.0  1.0 2.0  1
3.0 2.0  2.0 2.0  1
3.0 2.0  3.0 1.0  1
4.0 2.0  3.0 2.0  1
3.0 2.0  3.0 3.0  1
4.0 2.0  4.0 1.0  1
4.0 2.0  4.0 3.0  1
4.0 3.0  4.0 4.0  1
5.0 2.0  5.0 1.0  1
4.0 2.0  5.0 2.0  1
4.0 3.0  5.0 3.0  1
6.0 2.0  6.0 1.0  1
5.0 2.0  6.0 2.0  1
9
1.0 1.0  4
2.0 1.0  3
1.0 2.0  3
2.0 2.0  2
3.0 3.0  2
4.0 4.0  2
5.0 3.0  2
6.0 1.0  3
6.0 2.0  2
4.0 6.0
22
4.0 6.0  4.0 6.0  0
2.0 6.0  1.0 6.0  1
3.0 6.0  2.0 6.0  1
1.0 6.0  1.0 7.0  1
2.0 6.0  2.0 7.0  1
1.0 7.0  1.0 8.0  1
3.0 8.0  2.0 8.0  1
4.0 5.0  3.0 5.0  1
4.0 6.0  3.0 6.0  1
4.0 7.0  3.0 7.0  1
4.0 8.0  3.0 8.0  1
4.0 5.0  4.0 4.0  1
4.0 6.0  4.0 5.0  1
4.0 6.0  4.0 7.0  1
4.0 7.0  4.0 8.0  1
4.0 5.0  5.0 5.0  1
4.0 6.0  5.0 6.0  1
4.0 7.0  5.0 7.0  1
5.0 7.0  5.0 8.0  1
5.0 6.0  6.0 6.0  1
5.0 7.0  6.0 7.0  1
5.0 8.0  6.0 8.0  1
12
1.0 6.0  3
2.0 6.0  2
1.0 7.0  4
2.0 7.0  3
1.0 8.0  5
2.0 8.0  4
3.0 5.0  2
4.0 4.0  2
5.0 5.0  2
6.0 6.0  2
6.0 7.0  3
6.0 8.0  4
6.0 4.0
12
6.0 4.0  6.0 4.0  0
5.0 4.0  4.0 4.0  1
6.0 3.0  5.0 3.0  1
6.0 4.0  5.0 4.0  1
6.0 5.0  5.0 5.0  1
6.0 2.0  6.0 1.0  1
6.0 3.0  6.0 2.0  1
6.0 4.0  6.0 3.0  1
6.0 4.0  6.0 5.0  1
6.0 5.0  6.0 6.0  1
6.0 6.0  6.0 7.0  1
6.0 7.0  6.0 8.0  1
8
4.0 4.0  2
5.0 3.0  2
5.0 5.0  2
6.0 1.0  3
6.0 2.0  2
6.0 6.0  2
6.0 7.0  3
6.0 8.0  4